07185
01650
02538
05689
07752
06283
09264
05040
04028
05886
03802
09958
04347
02055
06966
01982
05570
04030
06071
03491
05739
01811
07609
05077
05140
05903
07051
03670
06187
04861
02469
03219
07824
00582
08510
06356
09934
00582
05781
02084
09569
07621
03945
06787
06415
04302
01030
06060
01518
09052
03283
02903
04072
06614
06611
07151
09026
01488
04029
01679
08142
05312
00297
08235
04395
02262
07580
03215
05087
06461
01175
03815
05366
02030
06852
06693
02514
08631
05742
06275
02338
01814
04560
04417
07077
07101
07479
02681
02510
09633
08206
02488
00015
06451
03523
09807
08967
00212
00518
01443
04327
06170
06134
00535
04218
03840
00075
05731
06793
05365
03469
00236
06976
03583
05033
00237
07797
08201
04413
00785
02958
08655
09888
04155
02567
06760
08652
07097
05275
08630
02657
04010
05987
07336
04489
00904
02804
08886
01926
05399
03959
08931
00843
07151
01136
08700
06917
06765
02522
03853
07543
08598
02178
01941
02898
00745
01721
08665
08196
01768
04869
09756
02364
02217
07486
09872
01967
06182
02231
00278
07100
05914
06471
04812
04684
02756
02894
05250
05083
06801
02906
09950
08624
05728
08062
07598
03351
03417
08682
04697
05681
01467
06372
04994
02218
02865
03184
09506
00249
03221
02604
03738
01988
05355
03838
01627
00941
09363
04321
05635
01763
08037
06267
01178
06763
05539
08512
03573
00732
07009
07919
00067
00086
08352
09582
05775
00625
09956
02451
00180
08131
07184
07824
03908
06579
05996
09845
08987
09003
06755
09542
05728
07998
02568
09080
01001
00702
07997
09839
01151
09879
09351
09557
03942
01698
05265
00103
07846
06458
02238
05626
03575
01063
04541
06466
08340
02477
02060
00882
08739
06750
03499
04978
00981
02801
05632
06208
06533
02543
01637
09584
09960
01428
02473
02978
07315
00786
02747
02783
09953
08589
05742
01191
04389
08719
08109
01068
04106
01049
02887
04504
08419
00727
00098
00456
07407
06432
00183
05213
01834
07269
02454
08241
02838
07979
07834
04046
05500
04128
03651
05179
04630
01902
08557
01047
04329
03462
00421
05185
06758
02861
05877
08999
00592
02995
04725
09466
00248
05063
05991
00448
04315
06780
02123
07513
02119
08939
00837
08738
03925
08703
03866
07070
04766
01646
03777
02568
06432
07073
04940
09068
04353
02937
08452
05888
06348
06071
03054
06958
06503
03612
05557
02850
01715
02396
05792
08321
04555
01078
05056
05805
04618
07752
04892
02737
01484
06513
05445
08608
07927
08799
01045
04413
00735
02751
04097
00202
01707
03533
05734
04277
07978
02461
02405
08870
09638
07954
00909
05414
05467
04205
08254
06443
08885
08373
00499
06189
02147
09830
08776
08271
06266
06521
04693
02153
04294
07572
00342
00721
07062
04210
08032
03789
06587
03213
08486
02968
02251
01632
06633
04267
09311
05095
04743
01700
04079
01416
09289
04581
07233
06799
05920
00379
04690
01573
05377
06138
01209
04298
08119
06090
04876
05643
07000
08902
07708
08548
07229
01688
08790
02938
00116
07159
04546
03301
01161
07291
08830
03368
04745
04088
06308
06170
08749
08419
03304
08635
01444
01171
07166
02148
00106
00320
05600
01745
02445
05657
04532
09695
08933
07762
01306
06810
09662
08054
02690
06297
03350
05576
00244
08819
09274
05050
02592
02782
06756
05315
06750
03316
02869
09904
09831
05786
03410
06714
01271
04773
02865
02253
02893
00187
01063
00881
06365
07975
08619
07299
01599
06188
01015
08518
01011
04746
09685
00169
01990
00783
01938
09341
02590
03334
09954
04369
02317
05633
06903
07407
01443
05971
04862
07118
07071
04697
08545
06935
08940
02531
04954
02514
01554
09678
05536
08828
00078
09441
00627
07857
05450
07639
06079
03531
08888
05565
01293
00048
05160
02355
03207
08021
02369
08753
04652
05707
05603
09130
01817
03809
04451
06690
07506
01347
05722
09983
09023
01635
05561
06048
00552
01562
05862
09495
07457
05506
04452
02190
04277
01537
05397
06896
07231
00418
08270
04326
04052
00207
07373
05188
04495
02194
07838
07862
04627
07988
09860
06231
05672
02059
01722
05475
00690
09163
08388
00306
01908
00027
07690
03707
00417
01556
02215
02749
04430
00250
02559
09598
09441
00387
01088
03030
07989
00033
02974
04622
01252
01778
00415
00355
09271
05470
05819
07063
01962
00322
00023
09971
06784
00331
07881
06549
06856
04888
04943
07414
07890
06826
06975
01957
08726
06540
00932
01994
07833
08328
09485
06433
08330
01636
01907
06595
03961
07664
00407
07586
02692
09449
04141
01148
08246
00193
05437
00569
00359
06044
07903
01925
05695
07690
00224
01340
09903
08796
02914
02090
03514
01995
06572
06510
04127
02845
04290
02886
09412
02707
02996
04518
05520
08605
07009
09591
08053
09554
06462
03556
00978
05865
05392
05516
06115
07208
07084
03975
09010
06891
00288
06034
08358
09244
09656
09438
04171
06839
06874
03693
03948
00551
00196
00493
06143
04499
01974
07686
05495
03961
08424
05537
07727
07897
07665
04421
08841
03121
00827
07346
01953
02797
07265
03322
05187
06529
01340
03262
04690
07683
03093
01126
09976
08340
06016
08771
05219
04693
01329
03902
01119
01754
06297
02705
05003
05781
05895
09137
06588
02316
07031
05202
00734
09981
08889
03329
00704
06794
08504
03486
05562
00541
00089
06048
01307
07172
02581
01444
03944
02656
05627
06210
06873
09823
01480
05189
07566
01684
00478
05744
03934
08564
04240
02022
02353
06071
03375
02747
07243
04636
00430
04280
00020
03396
05535
06528
07836
05663
01938
07758
09826
03635
02672
09979
05322
00392
09716
00728
07119
08507
06993
01182
06912
04877
04311
00253
08367
03882
07452
06008
05517
09735
00382
01677
06308
08020
07191
09611
04921
06304
05557
08477
08603
05023
07960
05424
09078
01341
01391
06242
01829
03822
08317
08714
08210
02263
00081
00597
03761
06440
04767
06019
04270
06295
07293
02725
07049
08670
05247
07463
04613
07060
00497
04784
01326
03429
08965
07435
09266
03058
02127
06841
09918
05216
01542
00634
03903
04199
05521
06521
01643
00902
02104
01833
03008
05984
09440
07988
01287
08239
00499
08887
08170
02024
07092
08798
00609
05887
05375
00915
06507
03505
04411
03132
04527
05885
09791
02530
08759
00279
07626
08444
02338
04445
00777
06854
09783
01134
08771
00526
07141
04923
04908
05253
07726
04413
00773
08509
02438
03013
04285
06085
06353
08287
00692
06377
01761
